# Made in Blockbench 4.6.4
mtllib Tree.mtl

o cube
v 3.1150387770978716 8.345431995911323 0.5
v 3.1150387770978716 8.345431995911323 -0.5
v 0.7727475644174331 6.003140783230886 0.5
v 0.7727475644174331 6.003140783230886 -0.5
v 2.4079319959113246 9.052538777097872 -0.5
v 2.4079319959113246 9.052538777097872 0.5
v 0.06564078323088551 6.710247564417433 -0.5
v 0.06564078323088551 6.710247564417433 0.5
vt 0.40625 0.3359375
vt 0.4375 0.3359375
vt 0.4375 0.232421875
vt 0.40625 0.232421875
vt 0.4375 0.3359375
vt 0.46875 0.3359375
vt 0.46875 0.232421875
vt 0.4375 0.232421875
vt 0.46875 0.3359375
vt 0.5 0.3359375
vt 0.5 0.232421875
vt 0.46875 0.232421875
vt 0.5 0.3359375
vt 0.53125 0.3359375
vt 0.53125 0.232421875
vt 0.5 0.232421875
vt 0.76171875 0.921875
vt 0.73046875 0.921875
vt 0.73046875 0.953125
vt 0.76171875 0.953125
vt 0.76171875 0.921875
vt 0.73046875 0.921875
vt 0.73046875 0.890625
vt 0.76171875 0.890625
vn 0 0 -1
vn 0.7071067811865475 -0.7071067811865476 0
vn 0 0 1
vn -0.7071067811865475 0.7071067811865476 0
vn 0.7071067811865476 0.7071067811865475 0
vn -0.7071067811865476 -0.7071067811865475 0
usemtl m_5aac8369-76b8-fbe7-98dd-8f704ff7e3cb
f 4/4/1 7/3/1 5/2/1 2/1/1
f 3/8/2 4/7/2 2/6/2 1/5/2
f 8/12/3 3/11/3 1/10/3 6/9/3
f 7/16/4 8/15/4 6/14/4 5/13/4
f 6/20/5 1/19/5 2/18/5 5/17/5
f 7/24/6 4/23/6 3/22/6 8/21/6
o cube
v 4.335480544571676 11.495977326657908 0.3125
v 4.335480544571676 11.495977326657908 -0.3125
v 3.0678416748623167 8.435626375214271 0.3125
v 3.0678416748623167 8.435626375214271 -0.3125
v 3.7580558367521224 11.735154471886089 -0.3125
v 3.7580558367521224 11.735154471886089 0.3125
v 2.4904169670427625 8.674803520442453 -0.3125
v 2.4904169670427625 8.674803520442453 0.3125
vt 0.7109375 0.953125
vt 0.73046875 0.953125
vt 0.73046875 0.849609375
vt 0.7109375 0.849609375
vt 0.2734375 0.283203125
vt 0.29296875 0.283203125
vt 0.29296875 0.1796875
vt 0.2734375 0.1796875
vt 0.29296875 0.283203125
vt 0.3125 0.283203125
vt 0.3125 0.1796875
vt 0.29296875 0.1796875
vt 0.3125 0.283203125
vt 0.33203125 0.283203125
vt 0.33203125 0.1796875
vt 0.3125 0.1796875
vt 0.7578125 0.68359375
vt 0.73828125 0.68359375
vt 0.73828125 0.703125
vt 0.7578125 0.703125
vt 0.7578125 0.68359375
vt 0.73828125 0.68359375
vt 0.73828125 0.6640625
vt 0.7578125 0.6640625
vn 0 0 -1
vn 0.9238795325112867 -0.3826834323650897 0
vn 0 0 1
vn -0.9238795325112867 0.3826834323650897 0
vn 0.3826834323650897 0.9238795325112867 0
vn -0.3826834323650897 -0.9238795325112867 0
usemtl m_5aac8369-76b8-fbe7-98dd-8f704ff7e3cb
f 12/28/7 15/27/7 13/26/7 10/25/7
f 11/32/8 12/31/8 10/30/8 9/29/8
f 16/36/9 11/35/9 9/34/9 14/33/9
f 15/40/10 16/39/10 14/38/10 13/37/10
f 14/44/11 9/43/11 10/42/11 13/41/11
f 15/48/12 12/47/12 11/46/12 16/45/12
o cube
v 5.264862155599322 11.000138931527454 0.25
v 5.264862155599322 11.000138931527454 -0.1875
v 3.532811348030444 10.000138931527454 0.25
v 3.532811348030444 10.000138931527454 -0.1875
v 5.046112155599322 11.379025045683147 -0.1875
v 5.046112155599322 11.379025045683147 0.25
v 3.3140613480304446 10.379025045683147 -0.1875
v 3.3140613480304446 10.379025045683147 0.25
vt 0.390625 0.27734375
vt 0.404296875 0.27734375
vt 0.404296875 0.21484375
vt 0.390625 0.21484375
vt 0.73828125 0.828125
vt 0.751953125 0.828125
vt 0.751953125 0.765625
vt 0.73828125 0.765625
vt 0.19921875 0.26171875
vt 0.212890625 0.26171875
vt 0.212890625 0.19921875
vt 0.19921875 0.19921875
vt 0.212890625 0.26171875
vt 0.2265625 0.26171875
vt 0.2265625 0.19921875
vt 0.212890625 0.19921875
vt 0.724609375 0.8359375
vt 0.7109375 0.8359375
vt 0.7109375 0.849609375
vt 0.724609375 0.849609375
vt 0.73828125 0.849609375
vt 0.724609375 0.849609375
vt 0.724609375 0.8359375
vt 0.73828125 0.8359375
vn 0 0 -1
vn 0.5000000000000001 -0.8660254037844386 0
vn 0 0 1
vn -0.5000000000000001 0.8660254037844386 0
vn 0.8660254037844386 0.5000000000000001 0
vn -0.8660254037844386 -0.5000000000000001 0
usemtl m_5aac8369-76b8-fbe7-98dd-8f704ff7e3cb
f 20/52/13 23/51/13 21/50/13 18/49/13
f 19/56/14 20/55/14 18/54/14 17/53/14
f 24/60/15 19/59/15 17/58/15 22/57/15
f 23/64/16 24/63/16 22/62/16 21/61/16
f 22/68/17 17/67/17 18/66/17 21/65/17
f 23/72/18 20/71/18 19/70/18 24/69/18
o cube
v 3.40731139207836 10.125138931527456 1.9707478921100576
v 3.82456255803071 10.125138931527456 1.8391891048269384
v 2.8864736692063406 9.125138931527454 0.3188616773744649
v 3.30372483515869 9.125138931527454 0.18730289009134593
v 3.7587831643891505 10.504025045683147 1.6305635218507635
v 3.3415319984368006 10.504025045683147 1.7621223091338827
v 3.2379454415171307 9.504025045683145 -0.02132269288482913
v 2.8206942755647813 9.504025045683145 0.11023609439828985
vt 0.2265625 0.26171875
vt 0.240234375 0.26171875
vt 0.240234375 0.19921875
vt 0.2265625 0.19921875
vt 0.73828125 0.765625
vt 0.751953125 0.765625
vt 0.751953125 0.703125
vt 0.73828125 0.703125
vt 0.240234375 0.26171875
vt 0.25390625 0.26171875
vt 0.25390625 0.19921875
vt 0.240234375 0.19921875
vt 0.25390625 0.26171875
vt 0.267578125 0.26171875
vt 0.267578125 0.19921875
vt 0.25390625 0.19921875
vt 0.751953125 0.611328125
vt 0.73828125 0.611328125
vt 0.73828125 0.625
vt 0.751953125 0.625
vt 0.751953125 0.544921875
vt 0.73828125 0.544921875
vt 0.73828125 0.53125
vt 0.751953125 0.53125
vn 0.9537169507482273 -6.106226635438364e-16 -0.30070579950427206
vn 0.1503528997521358 -0.866025403784438 0.47685847537411485
vn -0.9537169507482273 6.106226635438364e-16 0.30070579950427206
vn -0.1503528997521358 0.866025403784438 -0.47685847537411485
vn 0.26041886143600984 0.5000000000000009 0.8259431073677964
vn -0.26041886143600984 -0.5000000000000009 -0.8259431073677964
usemtl m_5aac8369-76b8-fbe7-98dd-8f704ff7e3cb
f 28/76/19 31/75/19 29/74/19 26/73/19
f 27/80/20 28/79/20 26/78/20 25/77/20
f 32/84/21 27/83/21 25/82/21 30/81/21
f 31/88/22 32/87/22 30/86/22 29/85/22
f 30/92/23 25/91/23 26/90/23 29/89/23
f 31/96/24 28/95/24 27/94/24 32/93/24
o cube
v -1.6109224538633748 9.05253877709787 1.6897657198666152
v -2.2537100635499145 9.05253877709787 0.9237212767476373
v 0.18337671377688902 6.7102475644174335 0.18416995007796955
v -0.4594108959096508 6.710247564417433 -0.5818744930410081
v -2.7953852839696154 8.345431995911323 1.3782407544196813
v -2.1525976742830757 8.345431995911323 2.144285197538659
v -1.0010861163293518 6.003140783230885 -0.12735501536896404
v -0.358298506642812 6.003140783230886 0.6386894277500137
vt 0.53125 0.3046875
vt 0.5625 0.3046875
vt 0.5625 0.201171875
vt 0.53125 0.201171875
vt 0.5625 0.3046875
vt 0.59375 0.3046875
vt 0.59375 0.201171875
vt 0.5625 0.201171875
vt 0.59375 0.3046875
vt 0.625 0.3046875
vt 0.625 0.201171875
vt 0.59375 0.201171875
vt 0.625 0.3046875
vt 0.65625 0.3046875
vt 0.65625 0.201171875
vt 0.625 0.201171875
vt 0.76171875 0.859375
vt 0.73046875 0.859375
vt 0.73046875 0.890625
vt 0.76171875 0.890625
vt 0.76953125 0.859375
vt 0.73828125 0.859375
vt 0.73828125 0.828125
vt 0.76953125 0.828125
vn -0.6427876096865398 -7.494005416219805e-16 -0.7660444431189776
vn 0.541675220419701 0.707106781186548 -0.45451947767204415
vn 0.6427876096865398 7.494005416219805e-16 0.7660444431189776
vn -0.541675220419701 -0.707106781186548 0.45451947767204415
vn -0.5416752204197023 0.7071067811865472 0.4545194776720439
vn 0.5416752204197023 -0.7071067811865472 -0.4545194776720439
usemtl m_5aac8369-76b8-fbe7-98dd-8f704ff7e3cb
f 36/100/25 39/99/25 37/98/25 34/97/25
f 35/104/26 36/103/26 34/102/26 33/101/26
f 40/108/27 35/107/27 33/106/27 38/105/27
f 39/112/28 40/111/28 38/110/28 37/109/28
f 38/116/29 33/115/29 34/114/29 37/113/29
f 39/120/30 36/119/30 35/118/30 40/117/30
o cube
v -4.210320330256853 10.57257628239534 0.7030188773403723
v -3.946183916668916 10.57257628239534 0.1365765104424661
v -1.8285589277939371 8.556054048803956 1.8136524592068195
v -1.5644225142060002 8.556054048803956 1.2472100923089136
v -4.291012181392767 10.076730444713318 -0.02421955014656474
v -4.555148594980704 10.076730444713318 0.5422228167513414
v -1.9092507789298512 8.060208211121934 1.0864140317198827
v -2.1733871925177883 8.060208211121934 1.6528563986177889
vt 0.71875 0.318359375
vt 0.73828125 0.318359375
vt 0.73828125 0.21484375
vt 0.71875 0.21484375
vt 0.33203125 0.27734375
vt 0.3515625 0.27734375
vt 0.3515625 0.173828125
vt 0.33203125 0.173828125
vt 0.3515625 0.27734375
vt 0.37109375 0.27734375
vt 0.37109375 0.173828125
vt 0.3515625 0.173828125
vt 0.37109375 0.27734375
vt 0.390625 0.27734375
vt 0.390625 0.173828125
vt 0.37109375 0.173828125
vt 0.7578125 0.64453125
vt 0.73828125 0.64453125
vt 0.73828125 0.6640625
vt 0.7578125 0.6640625
vt 0.7578125 0.64453125
vt 0.73828125 0.64453125
vt 0.73828125 0.625
vt 0.7578125 0.625
vn 0.4226182617406994 -8.326672684688674e-17 -0.90630778703665
vn 0.5517252235581618 0.7933533402912357 0.25727369694244934
vn -0.4226182617406994 8.326672684688674e-17 0.90630778703665
vn -0.5517252235581618 -0.7933533402912357 -0.25727369694244934
vn -0.7190223101774842 0.60876142900872 -0.33528560962005965
vn 0.7190223101774842 -0.60876142900872 0.33528560962005965
usemtl m_5aac8369-76b8-fbe7-98dd-8f704ff7e3cb
f 44/124/31 47/123/31 45/122/31 42/121/31
f 43/128/32 44/127/32 42/126/32 41/125/32
f 48/132/33 43/131/33 41/130/33 46/129/33
f 47/136/34 48/135/34 46/134/34 45/133/34
f 46/140/35 41/139/35 42/138/35 45/137/35
f 47/144/36 44/143/36 43/142/36 48/141/36
o cube
v -2.999268419026042 9.585106503054803 1.1534466960154992
v -2.8040442379821773 9.504241999563254 0.7002928024971742
v -2.8105628203677933 9.218665187408245 1.3001341502242754
v -2.6153386393239284 9.137800683916696 0.8469802567059503
v -4.634038585134435 8.330131675103726 0.121426984376664
v -4.829262766178299 8.410996178595276 0.574580877894989
v -4.445332986476186 7.963690359457168 0.26811443858544015
v -4.6405571675200505 8.044554862948718 0.7212683321037652
vt 0.72265625 0.572265625
vt 0.79296875 0.572265625
vt 0.79296875 0.55859375
vt 0.72265625 0.55859375
vt 0.6640625 0.482421875
vt 0.6796875 0.482421875
vt 0.6796875 0.46875
vt 0.6640625 0.46875
vt 0.72265625 0.55859375
vt 0.79296875 0.55859375
vt 0.79296875 0.544921875
vt 0.72265625 0.544921875
vt 0.6796875 0.482421875
vt 0.6953125 0.482421875
vt 0.6953125 0.46875
vt 0.6796875 0.46875
vt 0.79296875 0.587890625
vt 0.72265625 0.587890625
vt 0.72265625 0.603515625
vt 0.79296875 0.603515625
vt 0.79296875 0.587890625
vt 0.72265625 0.587890625
vt 0.72265625 0.572265625
vt 0.79296875 0.572265625
vn 0.39044836208772976 -0.16172900698309897 -0.90630778703665
vn 0.8133308209565587 0.521826810870901 0.257273696942449
vn -0.39044836208772976 0.16172900698309897 0.90630778703665
vn -0.8133308209565587 -0.521826810870901 -0.257273696942449
vn -0.4313270826474258 0.8375801500492748 -0.3352856096200597
vn 0.4313270826474258 -0.8375801500492748 0.3352856096200597
usemtl m_5aac8369-76b8-fbe7-98dd-8f704ff7e3cb
f 52/148/37 55/147/37 53/146/37 50/145/37
f 51/152/38 52/151/38 50/150/38 49/149/38
f 56/156/39 51/155/39 49/154/39 54/153/39
f 55/160/40 56/159/40 54/158/40 53/157/40
f 54/164/41 49/163/41 50/162/41 53/161/41
f 55/168/42 52/167/42 51/166/42 56/165/42
o cube
v 0.9375 4.329942793765626 1.1274425274563369
v 0.9375 4.41172914507563 -0.7457728880096466
v 0.9375 -0.35309574489933304 0.9229766491813243
v 0.9375 -0.27130939358932804 -0.9502387662846592
v -0.9375 4.41172914507563 -0.7457728880096466
v -0.9375 4.329942793765626 1.1274425274563369
v -0.9375 -0.27130939358932804 -0.9502387662846592
v -0.9375 -0.35309574489933304 0.9229766491813243
vt 0.53125 0.46875
vt 0.58984375 0.46875
vt 0.58984375 0.3046875
vt 0.53125 0.3046875
vt 0.58984375 0.46875
vt 0.6484375 0.46875
vt 0.6484375 0.3046875
vt 0.58984375 0.3046875
vt 0.6484375 0.46875
vt 0.70703125 0.46875
vt 0.70703125 0.3046875
vt 0.6484375 0.3046875
vt 0 0.3359375
vt 0.05859375 0.3359375
vt 0.05859375 0.171875
vt 0 0.171875
vt 0.40625 0.27734375
vt 0.34765625 0.27734375
vt 0.34765625 0.3359375
vt 0.40625 0.3359375
vt 0.72265625 0.603515625
vt 0.6640625 0.603515625
vt 0.6640625 0.544921875
vt 0.72265625 0.544921875
vn 0 0.04361938736533603 -0.9990482215818578
vn 1 0 0
vn 0 -0.04361938736533603 0.9990482215818578
vn -1 0 0
vn 0 0.9990482215818578 0.04361938736533603
vn 0 -0.9990482215818578 -0.04361938736533603
usemtl m_5aac8369-76b8-fbe7-98dd-8f704ff7e3cb
f 60/172/43 63/171/43 61/170/43 58/169/43
f 59/176/44 60/175/44 58/174/44 57/173/44
f 64/180/45 59/179/45 57/178/45 62/177/45
f 63/184/46 64/183/46 62/182/46 61/181/46
f 62/188/47 57/187/47 58/186/47 61/185/47
f 63/192/48 60/191/48 59/190/48 64/189/48
o cube
v 0.3308621988562066 9.360545049514366 0.5135356977605412
v 0.3308621988562066 9.229811435392879 -0.9807563493770772
v 0.7884298482814118 4.15042469785732 0.9693621641362333
v 0.7884298482814118 4.019691083735832 -0.5249298830013851
v -1.1634298482814118 9.09957530214268 -0.9693621641362333
v -1.1634298482814118 9.230308916264168 0.5249298830013851
v -0.7058621988562066 3.889454950485634 -0.5135356977605412
v -0.7058621988562066 4.020188564607121 0.9807563493770772
vt 0.6640625 1
vt 0.7109375 1
vt 0.7109375 0.8359375
vt 0.6640625 0.8359375
vt 0.05859375 0.3359375
vt 0.10546875 0.3359375
vt 0.10546875 0.171875
vt 0.05859375 0.171875
vt 0.10546875 0.3359375
vt 0.15234375 0.3359375
vt 0.15234375 0.171875
vt 0.10546875 0.171875
vt 0.15234375 0.3359375
vt 0.19921875 0.3359375
vt 0.19921875 0.171875
vt 0.15234375 0.171875
vt 0.75390625 0.318359375
vt 0.70703125 0.318359375
vt 0.70703125 0.365234375
vt 0.75390625 0.365234375
vt 0.7578125 1
vt 0.7109375 1
vt 0.7109375 0.953125
vt 0.7578125 0.953125
vn -1.734723475976807e-18 -0.08715574274765815 -0.9961946980917455
vn 0.9961946980917455 0.08682408883346515 -0.007596123493895968
vn 1.734723475976807e-18 0.08715574274765815 0.9961946980917455
vn -0.9961946980917455 -0.08682408883346515 0.007596123493895968
vn -0.08715574274765815 0.9924038765061041 -0.08682408883346515
vn 0.08715574274765815 -0.9924038765061041 0.08682408883346515
usemtl m_5aac8369-76b8-fbe7-98dd-8f704ff7e3cb
f 68/196/49 71/195/49 69/194/49 66/193/49
f 67/200/50 68/199/50 66/198/50 65/197/50
f 72/204/51 67/203/51 65/202/51 70/201/51
f 71/208/52 72/207/52 70/206/52 69/205/52
f 70/212/53 65/211/53 66/210/53 69/209/53
f 71/216/54 68/215/54 67/214/54 72/213/54
o cube
v 0.1875 11.733334803622416 0.645327493044489
v 0.1875 11.863860995842467 -0.34611736832932133
v 0.1875 8.88293082717271 0.27006469041184067
v 0.1875 9.013457019392764 -0.7213801709619697
v -0.8125 11.863860995842467 -0.34611736832932133
v -0.8125 11.733334803622416 0.645327493044489
v -0.8125 9.013457019392764 -0.7213801709619697
v -0.8125 8.88293082717271 0.27006469041184067
vt 0.65625 0.3046875
vt 0.6875 0.3046875
vt 0.6875 0.21484375
vt 0.65625 0.21484375
vt 0.6875 0.3046875
vt 0.71875 0.3046875
vt 0.71875 0.21484375
vt 0.6875 0.21484375
vt 0.70703125 0.544921875
vt 0.73828125 0.544921875
vt 0.73828125 0.455078125
vt 0.70703125 0.455078125
vt 0.70703125 0.455078125
vt 0.73828125 0.455078125
vt 0.73828125 0.365234375
vt 0.70703125 0.365234375
vt 0.6953125 0.513671875
vt 0.6640625 0.513671875
vt 0.6640625 0.544921875
vt 0.6953125 0.544921875
vt 0.6953125 0.513671875
vt 0.6640625 0.513671875
vt 0.6640625 0.482421875
vt 0.6953125 0.482421875
vn 0 0.1305261922200516 -0.9914448613738104
vn 1 0 0
vn 0 -0.1305261922200516 0.9914448613738104
vn -1 0 0
vn 0 0.9914448613738104 0.1305261922200516
vn 0 -0.9914448613738104 -0.1305261922200516
usemtl m_5aac8369-76b8-fbe7-98dd-8f704ff7e3cb
f 76/220/55 79/219/55 77/218/55 74/217/55
f 75/224/56 76/223/56 74/222/56 73/221/56
f 80/228/57 75/227/57 73/226/57 78/225/57
f 79/232/58 80/231/58 78/230/58 77/229/58
f 78/236/59 73/235/59 74/234/59 77/233/59
f 79/240/60 76/239/60 75/238/60 80/237/60
o cube
v 1.1875 1.4375 1.1875
v 1.1875 1.4375 -1.1875
v 1.1875 -0.25 1.1875
v 1.1875 -0.25 -1.1875
v -1.1875 1.4375 -1.1875
v -1.1875 1.4375 1.1875
v -1.1875 -0.25 -1.1875
v -1.1875 -0.25 1.1875
vt 0.6640625 0.76171875
vt 0.73828125 0.76171875
vt 0.73828125 0.708984375
vt 0.6640625 0.708984375
vt 0.2734375 0.3359375
vt 0.34765625 0.3359375
vt 0.34765625 0.283203125
vt 0.2734375 0.283203125
vt 0.6640625 0.708984375
vt 0.73828125 0.708984375
vt 0.73828125 0.65625
vt 0.6640625 0.65625
vt 0.6640625 0.65625
vt 0.73828125 0.65625
vt 0.73828125 0.603515625
vt 0.6640625 0.603515625
vt 0.73828125 0.76171875
vt 0.6640625 0.76171875
vt 0.6640625 0.8359375
vt 0.73828125 0.8359375
vt 0.2734375 0.3359375
vt 0.19921875 0.3359375
vt 0.19921875 0.26171875
vt 0.2734375 0.26171875
vn 0 0 -1
vn 1 0 0
vn 0 0 1
vn -1 0 0
vn 0 1 0
vn 0 -1 0
usemtl m_5aac8369-76b8-fbe7-98dd-8f704ff7e3cb
f 84/244/61 87/243/61 85/242/61 82/241/61
f 83/248/62 84/247/62 82/246/62 81/245/62
f 88/252/63 83/251/63 81/250/63 86/249/63
f 87/256/64 88/255/64 86/254/64 85/253/64
f 86/260/65 81/259/65 82/258/65 85/257/65
f 87/264/66 84/263/66 83/262/66 88/261/66
o cube
v 4.710004000381666 11.84307924674457 -1.5770240600953622
v 2.5307914953081694 12.341931312684586 -1.3227024643967764
v 4.180381535990581 10.338440574182549 -3.1638644774792635
v 2.0011690309170853 10.837292640122566 -2.909542881780678
v 2.3490419342533677 10.745150463182009 0.2520222784450361
v 4.528254439326864 10.24629839724199 -0.002299317253549482
v 1.8194194698622836 9.240511790619987 -1.3348181389388654
v 3.9986319749357797 8.74165972467997 -1.5891397346374512
vt 0 1
vt 0.1328125 1
vt 0.1328125 0.8671875
vt 0 0.8671875
vt 0 0.8671875
vt 0.1328125 0.8671875
vt 0.1328125 0.734375
vt 0 0.734375
vt 0.1328125 1
vt 0.265625 1
vt 0.265625 0.8671875
vt 0.1328125 0.8671875
vt 0.1328125 0.8671875
vt 0.265625 0.8671875
vt 0.265625 0.734375
vt 0.1328125 0.734375
vt 0.1328125 0.6015625
vt 0 0.6015625
vt 0 0.734375
vt 0.1328125 0.734375
vt 0.3984375 1
vt 0.265625 1
vt 0.265625 0.8671875
vt 0.3984375 0.8671875
vn -0.968538891143776 0.2217120293066745 0.11303182031048256
vn 0.08077758269102313 0.7096803775567017 -0.6998776634852499
vn 0.968538891143776 -0.2217120293066745 -0.11303182031048256
vn -0.08077758269102313 -0.7096803775567017 0.6998776634852499
vn 0.2353877619515931 0.6687282989164538 0.7052624077261782
vn -0.2353877619515931 -0.6687282989164538 -0.7052624077261782
usemtl m_5aac8369-76b8-fbe7-98dd-8f704ff7e3cb
f 92/268/67 95/267/67 93/266/67 90/265/67
f 91/272/68 92/271/68 90/270/68 89/269/68
f 96/276/69 91/275/69 89/274/69 94/273/69
f 95/280/70 96/279/70 94/278/70 93/277/70
f 94/284/71 89/283/71 90/282/71 93/281/71
f 95/288/72 92/287/72 91/286/72 96/285/72
o cube
v 2.647504000381666 13.96807924674457 -0.20202406009536217
v 0.4682914953081696 14.466931312684586 0.05229753560322359
v 2.1178815359905814 12.463440574182549 -1.7888644774792635
v -0.06133096908291469 12.962292640122566 -1.5345428817806779
v 0.28654193425336794 12.870150463182009 1.627022278445036
v 2.4657544393268642 12.37129839724199 1.3727006827464505
v -0.24308053013771636 11.365511790619987 0.04018186106113464
v 1.9361319749357797 10.86665972467997 -0.21413973463745112
vt 0 1
vt 0.1328125 1
vt 0.1328125 0.8671875
vt 0 0.8671875
vt 0 0.8671875
vt 0.1328125 0.8671875
vt 0.1328125 0.734375
vt 0 0.734375
vt 0.1328125 1
vt 0.265625 1
vt 0.265625 0.8671875
vt 0.1328125 0.8671875
vt 0.1328125 0.8671875
vt 0.265625 0.8671875
vt 0.265625 0.734375
vt 0.1328125 0.734375
vt 0.1328125 0.6015625
vt 0 0.6015625
vt 0 0.734375
vt 0.1328125 0.734375
vt 0.3984375 1
vt 0.265625 1
vt 0.265625 0.8671875
vt 0.3984375 0.8671875
vn -0.968538891143776 0.2217120293066745 0.11303182031048256
vn 0.08077758269102313 0.7096803775567017 -0.6998776634852499
vn 0.968538891143776 -0.2217120293066745 -0.11303182031048256
vn -0.08077758269102313 -0.7096803775567017 0.6998776634852499
vn 0.2353877619515931 0.6687282989164538 0.7052624077261782
vn -0.2353877619515931 -0.6687282989164538 -0.7052624077261782
usemtl m_5aac8369-76b8-fbe7-98dd-8f704ff7e3cb
f 100/292/73 103/291/73 101/290/73 98/289/73
f 99/296/74 100/295/74 98/294/74 97/293/74
f 104/300/75 99/299/75 97/298/75 102/297/75
f 103/304/76 104/303/76 102/302/76 101/301/76
f 102/308/77 97/307/77 98/306/77 101/305/77
f 103/312/78 100/311/78 99/310/78 104/309/78
o cube
v 6.807208236168058 14.81227589391105 -0.18467113616491632
v 2.6909179488070096 15.754552018464416 0.2957141001546344
v 5.806810247873788 11.970180623516121 -3.1820363690011746
v 1.6905199605127392 12.912456748069488 -2.701651132681624
v 2.3476132223701622 12.738410413848435 3.2701941699669472
v 6.46390350973121 11.796134289295068 2.7898089336473966
v 1.3472152340758914 9.896315143453506 0.2728289371306887
v 5.4635055214369395 8.95403901890014 -0.20755629918886204
vt 0 1
vt 0.1328125 1
vt 0.1328125 0.8671875
vt 0 0.8671875
vt 0 0.8671875
vt 0.1328125 0.8671875
vt 0.1328125 0.734375
vt 0 0.734375
vt 0.1328125 1
vt 0.265625 1
vt 0.265625 0.8671875
vt 0.1328125 0.8671875
vt 0.1328125 0.8671875
vt 0.265625 0.8671875
vt 0.265625 0.734375
vt 0.1328125 0.734375
vt 0.1328125 0.6015625
vt 0 0.6015625
vt 0 0.734375
vt 0.1328125 0.734375
vt 0.3984375 1
vt 0.265625 1
vt 0.265625 0.8671875
vt 0.3984375 0.8671875
vn -0.968538891143776 0.2217120293066745 0.11303182031048256
vn 0.08077758269102313 0.7096803775567017 -0.6998776634852499
vn 0.968538891143776 -0.2217120293066745 -0.11303182031048256
vn -0.08077758269102313 -0.7096803775567017 0.6998776634852499
vn 0.2353877619515931 0.6687282989164538 0.7052624077261782
vn -0.2353877619515931 -0.6687282989164538 -0.7052624077261782
usemtl m_5aac8369-76b8-fbe7-98dd-8f704ff7e3cb
f 108/316/79 111/315/79 109/314/79 106/313/79
f 107/320/80 108/319/80 106/318/80 105/317/80
f 112/324/81 107/323/81 105/322/81 110/321/81
f 111/328/82 112/327/82 110/326/82 109/325/82
f 110/332/83 105/331/83 106/330/83 109/329/83
f 111/336/84 108/335/84 107/334/84 112/333/84
o cube
v 8.585004000381666 13.21807924674457 -0.7645240600953622
v 6.405791495308169 13.716931312684586 -0.5102024643967764
v 8.05538153599058 11.713440574182549 -2.3513644774792635
v 5.876169030917085 12.212292640122566 -2.097042881780678
v 6.224041934253368 12.120150463182009 1.064522278445036
v 8.403254439326863 11.62129839724199 0.8102006827464505
v 5.694419469862284 10.615511790619987 -0.5223181389388654
v 7.87363197493578 10.11665972467997 -0.7766397346374512
vt 0 1
vt 0.1328125 1
vt 0.1328125 0.8671875
vt 0 0.8671875
vt 0 0.8671875
vt 0.1328125 0.8671875
vt 0.1328125 0.734375
vt 0 0.734375
vt 0.1328125 1
vt 0.265625 1
vt 0.265625 0.8671875
vt 0.1328125 0.8671875
vt 0.1328125 0.8671875
vt 0.265625 0.8671875
vt 0.265625 0.734375
vt 0.1328125 0.734375
vt 0.1328125 0.6015625
vt 0 0.6015625
vt 0 0.734375
vt 0.1328125 0.734375
vt 0.3984375 1
vt 0.265625 1
vt 0.265625 0.8671875
vt 0.3984375 0.8671875
vn -0.968538891143776 0.2217120293066745 0.11303182031048256
vn 0.08077758269102313 0.7096803775567017 -0.6998776634852499
vn 0.968538891143776 -0.2217120293066745 -0.11303182031048256
vn -0.08077758269102313 -0.7096803775567017 0.6998776634852499
vn 0.2353877619515931 0.6687282989164538 0.7052624077261782
vn -0.2353877619515931 -0.6687282989164538 -0.7052624077261782
usemtl m_5aac8369-76b8-fbe7-98dd-8f704ff7e3cb
f 116/340/85 119/339/85 117/338/85 114/337/85
f 115/344/86 116/343/86 114/342/86 113/341/86
f 120/348/87 115/347/87 113/346/87 118/345/87
f 119/352/88 120/351/88 118/350/88 117/349/88
f 118/356/89 113/355/89 114/354/89 117/353/89
f 119/360/90 116/359/90 115/358/90 120/357/90
o cube
v 5.710004000381666 15.71807924674457 -1.8895240600953622
v 3.5307914953081694 16.216931312684586 -1.6352024643967764
v 5.180381535990581 14.213440574182549 -3.4763644774792635
v 3.0011690309170853 14.712292640122566 -3.222042881780678
v 3.3490419342533677 14.620150463182009 -0.06047772155496389
v 5.528254439326864 14.12129839724199 -0.3147993172535495
v 2.8194194698622836 13.115511790619987 -1.6473181389388654
v 4.99863197493578 12.61665972467997 -1.9016397346374512
vt 0 1
vt 0.1328125 1
vt 0.1328125 0.8671875
vt 0 0.8671875
vt 0 0.8671875
vt 0.1328125 0.8671875
vt 0.1328125 0.734375
vt 0 0.734375
vt 0.1328125 1
vt 0.265625 1
vt 0.265625 0.8671875
vt 0.1328125 0.8671875
vt 0.1328125 0.8671875
vt 0.265625 0.8671875
vt 0.265625 0.734375
vt 0.1328125 0.734375
vt 0.1328125 0.6015625
vt 0 0.6015625
vt 0 0.734375
vt 0.1328125 0.734375
vt 0.3984375 1
vt 0.265625 1
vt 0.265625 0.8671875
vt 0.3984375 0.8671875
vn -0.968538891143776 0.2217120293066745 0.11303182031048256
vn 0.08077758269102313 0.7096803775567017 -0.6998776634852499
vn 0.968538891143776 -0.2217120293066745 -0.11303182031048256
vn -0.08077758269102313 -0.7096803775567017 0.6998776634852499
vn 0.2353877619515931 0.6687282989164538 0.7052624077261782
vn -0.2353877619515931 -0.6687282989164538 -0.7052624077261782
usemtl m_5aac8369-76b8-fbe7-98dd-8f704ff7e3cb
f 124/364/91 127/363/91 125/362/91 122/361/91
f 123/368/92 124/367/92 122/366/92 121/365/92
f 128/372/93 123/371/93 121/370/93 126/369/93
f 127/376/94 128/375/94 126/374/94 125/373/94
f 126/380/95 121/379/95 122/378/95 125/377/95
f 127/384/96 124/383/96 123/382/96 128/381/96
o cube
v 6.210004000381666 15.46807924674457 1.6104759399046378
v 4.030791495308169 15.966931312684586 1.8647975356032234
v 5.680381535990581 13.963440574182549 0.02363552252073653
v 3.501169030917085 14.462292640122566 0.2779571182193221
v 3.8490419342533677 14.370150463182009 3.439522278445036
v 6.028254439326864 13.87129839724199 3.1852006827464505
v 3.3194194698622836 12.865511790619987 1.8526818610611349
v 5.49863197493578 12.36665972467997 1.5983602653625488
vt 0 1
vt 0.1328125 1
vt 0.1328125 0.8671875
vt 0 0.8671875
vt 0 0.8671875
vt 0.1328125 0.8671875
vt 0.1328125 0.734375
vt 0 0.734375
vt 0.1328125 1
vt 0.265625 1
vt 0.265625 0.8671875
vt 0.1328125 0.8671875
vt 0.1328125 0.8671875
vt 0.265625 0.8671875
vt 0.265625 0.734375
vt 0.1328125 0.734375
vt 0.1328125 0.6015625
vt 0 0.6015625
vt 0 0.734375
vt 0.1328125 0.734375
vt 0.3984375 1
vt 0.265625 1
vt 0.265625 0.8671875
vt 0.3984375 0.8671875
vn -0.968538891143776 0.2217120293066745 0.11303182031048256
vn 0.08077758269102313 0.7096803775567017 -0.6998776634852499
vn 0.968538891143776 -0.2217120293066745 -0.11303182031048256
vn -0.08077758269102313 -0.7096803775567017 0.6998776634852499
vn 0.2353877619515931 0.6687282989164538 0.7052624077261782
vn -0.2353877619515931 -0.6687282989164538 -0.7052624077261782
usemtl m_5aac8369-76b8-fbe7-98dd-8f704ff7e3cb
f 132/388/97 135/387/97 133/386/97 130/385/97
f 131/392/98 132/391/98 130/390/98 129/389/98
f 136/396/99 131/395/99 129/394/99 134/393/99
f 135/400/100 136/399/100 134/398/100 133/397/100
f 134/404/101 129/403/101 130/402/101 133/401/101
f 135/408/102 132/407/102 131/406/102 136/405/102
o cube
v 5.522504000381666 11.59307924674457 2.0479759399046378
v 3.3432914953081694 12.091931312684586 2.3022975356032234
v 4.992881535990581 10.088440574182549 0.46113552252073653
v 2.8136690309170853 10.587292640122566 0.7154571182193221
v 3.1615419342533677 10.495150463182009 3.877022278445036
v 5.340754439326864 9.99629839724199 3.6227006827464505
v 2.6319194698622836 8.990511790619987 2.2901818610611344
v 4.81113197493578 8.49165972467997 2.035860265362549
vt 0 1
vt 0.1328125 1
vt 0.1328125 0.8671875
vt 0 0.8671875
vt 0 0.8671875
vt 0.1328125 0.8671875
vt 0.1328125 0.734375
vt 0 0.734375
vt 0.1328125 1
vt 0.265625 1
vt 0.265625 0.8671875
vt 0.1328125 0.8671875
vt 0.1328125 0.8671875
vt 0.265625 0.8671875
vt 0.265625 0.734375
vt 0.1328125 0.734375
vt 0.1328125 0.6015625
vt 0 0.6015625
vt 0 0.734375
vt 0.1328125 0.734375
vt 0.3984375 1
vt 0.265625 1
vt 0.265625 0.8671875
vt 0.3984375 0.8671875
vn -0.968538891143776 0.2217120293066745 0.11303182031048256
vn 0.08077758269102313 0.7096803775567017 -0.6998776634852499
vn 0.968538891143776 -0.2217120293066745 -0.11303182031048256
vn -0.08077758269102313 -0.7096803775567017 0.6998776634852499
vn 0.2353877619515931 0.6687282989164538 0.7052624077261782
vn -0.2353877619515931 -0.6687282989164538 -0.7052624077261782
usemtl m_5aac8369-76b8-fbe7-98dd-8f704ff7e3cb
f 140/412/103 143/411/103 141/410/103 138/409/103
f 139/416/104 140/415/104 138/414/104 137/413/104
f 144/420/105 139/419/105 137/418/105 142/417/105
f 143/424/106 144/423/106 142/422/106 141/421/106
f 142/428/107 137/427/107 138/426/107 141/425/107
f 143/432/108 140/431/108 139/430/108 144/429/108
o cube
v -2.383552740593186 12.510855139942587 2.521812119239901
v -2.2977027487724238 12.18837344683924 4.746926798648037
v -4.342233070945228 11.406798303986704 2.437373582592817
v -4.256383079124466 11.084316610883356 4.662488262000954
v -1.1937547688402206 10.254578198993107 4.424072656640651
v -1.2796047606609826 10.577059892096456 2.198957977232514
v -3.152435099192262 9.150521363037225 4.339634119993567
v -3.238285091013024 9.473003056140572 2.1145194405854304
vt 0 1
vt 0.1328125 1
vt 0.1328125 0.8671875
vt 0 0.8671875
vt 0 0.8671875
vt 0.1328125 0.8671875
vt 0.1328125 0.734375
vt 0 0.734375
vt 0.1328125 1
vt 0.265625 1
vt 0.265625 0.8671875
vt 0.1328125 0.8671875
vt 0.1328125 0.8671875
vt 0.265625 0.8671875
vt 0.265625 0.734375
vt 0.1328125 0.734375
vt 0.1328125 0.6015625
vt 0 0.6015625
vt 0 0.734375
vt 0.1328125 0.734375
vt 0.3984375 1
vt 0.265625 1
vt 0.265625 0.8671875
vt 0.3984375 0.8671875
vn 0.0381555519203387 -0.14332519693482118 0.9889398575147273
vn -0.49064354663653476 0.8594645545982809 0.14349072978106062
vn -0.0381555519203387 0.14332519693482118 -0.9889398575147273
vn 0.49064354663653476 -0.8594645545982809 -0.14349072978106062
vn 0.8705245912675741 0.4906919270915037 0.03752823850981491
vn -0.8705245912675741 -0.4906919270915037 -0.03752823850981491
usemtl m_5aac8369-76b8-fbe7-98dd-8f704ff7e3cb
f 148/436/109 151/435/109 149/434/109 146/433/109
f 147/440/110 148/439/110 146/438/110 145/437/110
f 152/444/111 147/443/111 145/442/111 150/441/111
f 151/448/112 152/447/112 150/446/112 149/445/112
f 150/452/113 145/451/113 146/450/113 149/449/113
f 151/456/114 148/455/114 147/454/114 152/453/114
o cube
v -0.8108392314190154 13.395512471648894 5.242861525906259
v -0.7249892395982531 13.073030778545547 7.467976205314396
v -2.769519561771057 12.291455635693012 5.158422989259176
v -2.683669569950295 11.968973942589663 7.383537668667312
v 0.37895874033395005 11.139235530699414 7.145122063307009
v 0.293108748513188 11.461717223802763 4.920007383898873
v -1.5797215900180914 10.035178694743532 7.0606835266599255
v -1.6655715818388537 10.35766038784688 4.835568847251789
vt 0 1
vt 0.1328125 1
vt 0.1328125 0.8671875
vt 0 0.8671875
vt 0 0.8671875
vt 0.1328125 0.8671875
vt 0.1328125 0.734375
vt 0 0.734375
vt 0.1328125 1
vt 0.265625 1
vt 0.265625 0.8671875
vt 0.1328125 0.8671875
vt 0.1328125 0.8671875
vt 0.265625 0.8671875
vt 0.265625 0.734375
vt 0.1328125 0.734375
vt 0.1328125 0.6015625
vt 0 0.6015625
vt 0 0.734375
vt 0.1328125 0.734375
vt 0.3984375 1
vt 0.265625 1
vt 0.265625 0.8671875
vt 0.3984375 0.8671875
vn 0.0381555519203387 -0.14332519693482118 0.9889398575147273
vn -0.49064354663653476 0.8594645545982809 0.14349072978106062
vn -0.0381555519203387 0.14332519693482118 -0.9889398575147273
vn 0.49064354663653476 -0.8594645545982809 -0.14349072978106062
vn 0.8705245912675741 0.4906919270915037 0.03752823850981491
vn -0.8705245912675741 -0.4906919270915037 -0.03752823850981491
usemtl m_5aac8369-76b8-fbe7-98dd-8f704ff7e3cb
f 156/460/115 159/459/115 157/458/115 154/457/115
f 155/464/116 156/463/116 154/462/116 153/461/116
f 160/468/117 155/467/117 153/466/117 158/465/117
f 159/472/118 160/471/118 158/470/118 157/469/118
f 158/476/119 153/475/119 154/474/119 157/473/119
f 159/480/120 156/479/120 155/478/120 160/477/120
o cube
v -0.05573074864394956 15.502581310570584 1.6364532684343382
v 0.1064303470174901 14.893449223597594 5.83944766287193
v -3.755460261531139 13.417140620431693 1.4769582547676243
v -3.5932991658696993 12.808008533458704 5.679952649205216
v 2.1916654202227637 11.240724866554899 5.229612061302421
v 2.029504324561324 11.849856953527889 1.02661766686483
v -1.5080640926644264 9.155284176416009 5.070117047635708
v -1.670225188325866 9.764416263388998 0.8671226531981167
vt 0 1
vt 0.1328125 1
vt 0.1328125 0.8671875
vt 0 0.8671875
vt 0 0.8671875
vt 0.1328125 0.8671875
vt 0.1328125 0.734375
vt 0 0.734375
vt 0.1328125 1
vt 0.265625 1
vt 0.265625 0.8671875
vt 0.1328125 0.8671875
vt 0.1328125 0.8671875
vt 0.265625 0.8671875
vt 0.265625 0.734375
vt 0.1328125 0.734375
vt 0.1328125 0.6015625
vt 0 0.6015625
vt 0 0.734375
vt 0.1328125 0.734375
vt 0.3984375 1
vt 0.265625 1
vt 0.265625 0.8671875
vt 0.3984375 0.8671875
vn 0.0381555519203387 -0.14332519693482118 0.9889398575147273
vn -0.49064354663653476 0.8594645545982809 0.14349072978106062
vn -0.0381555519203387 0.14332519693482118 -0.9889398575147273
vn 0.49064354663653476 -0.8594645545982809 -0.14349072978106062
vn 0.8705245912675741 0.4906919270915037 0.03752823850981491
vn -0.8705245912675741 -0.4906919270915037 -0.03752823850981491
usemtl m_5aac8369-76b8-fbe7-98dd-8f704ff7e3cb
f 164/484/121 167/483/121 165/482/121 162/481/121
f 163/488/122 164/487/122 162/486/122 161/485/122
f 168/492/123 163/491/123 161/490/123 166/489/123
f 167/496/124 168/495/124 166/494/124 165/493/124
f 166/500/125 161/499/125 162/498/125 165/497/125
f 167/504/126 164/503/126 163/502/126 168/501/126
o cube
v -0.7716550894529346 14.79081908651758 -0.6038808622550378
v -0.6858050976321723 14.468337393414233 1.6212338171530987
v -2.7303354198049763 13.686762250561697 -0.6883193989021215
v -2.6444854279842143 13.364280557458349 1.536795280506015
v 0.4181428823000308 12.5345421455681 1.298379675145712
v 0.3322928904792688 12.857023838671449 -0.9267350042624245
v -1.5405374480520106 11.430485309612218 1.2139411384986283
v -1.626387439872773 11.752967002715565 -1.0111735409095082
vt 0 1
vt 0.1328125 1
vt 0.1328125 0.8671875
vt 0 0.8671875
vt 0 0.8671875
vt 0.1328125 0.8671875
vt 0.1328125 0.734375
vt 0 0.734375
vt 0.1328125 1
vt 0.265625 1
vt 0.265625 0.8671875
vt 0.1328125 0.8671875
vt 0.1328125 0.8671875
vt 0.265625 0.8671875
vt 0.265625 0.734375
vt 0.1328125 0.734375
vt 0.1328125 0.6015625
vt 0 0.6015625
vt 0 0.734375
vt 0.1328125 0.734375
vt 0.3984375 1
vt 0.265625 1
vt 0.265625 0.8671875
vt 0.3984375 0.8671875
vn 0.0381555519203387 -0.14332519693482118 0.9889398575147273
vn -0.49064354663653476 0.8594645545982809 0.14349072978106062
vn -0.0381555519203387 0.14332519693482118 -0.9889398575147273
vn 0.49064354663653476 -0.8594645545982809 -0.14349072978106062
vn 0.8705245912675741 0.4906919270915037 0.03752823850981491
vn -0.8705245912675741 -0.4906919270915037 -0.03752823850981491
usemtl m_5aac8369-76b8-fbe7-98dd-8f704ff7e3cb
f 172/508/127 175/507/127 173/506/127 170/505/127
f 171/512/128 172/511/128 170/510/128 169/509/128
f 176/516/129 171/515/129 169/514/129 174/513/129
f 175/520/130 176/519/130 174/518/130 173/517/130
f 174/524/131 169/523/131 170/522/131 173/521/131
f 175/528/132 172/527/132 171/526/132 176/525/132
o cube
v -1.6164311193950118 16.431433992637356 2.914071125628382
v -1.5305811275742496 16.108952299534007 5.139185805036519
v -3.5751114497470535 15.327377156681472 2.8296325889812985
v -3.4892614579262915 15.004895463578123 5.054747268389435
v -0.4266331476420464 14.175157051687874 4.816331663029132
v -0.5124831394628084 14.497638744791223 2.5912169836209955
v -2.385313477994088 13.071100215731992 4.731893126382048
v -2.47116346981485 13.393581908835339 2.506778446973912
vt 0 1
vt 0.1328125 1
vt 0.1328125 0.8671875
vt 0 0.8671875
vt 0 0.8671875
vt 0.1328125 0.8671875
vt 0.1328125 0.734375
vt 0 0.734375
vt 0.1328125 1
vt 0.265625 1
vt 0.265625 0.8671875
vt 0.1328125 0.8671875
vt 0.1328125 0.8671875
vt 0.265625 0.8671875
vt 0.265625 0.734375
vt 0.1328125 0.734375
vt 0.1328125 0.6015625
vt 0 0.6015625
vt 0 0.734375
vt 0.1328125 0.734375
vt 0.3984375 1
vt 0.265625 1
vt 0.265625 0.8671875
vt 0.3984375 0.8671875
vn 0.0381555519203387 -0.14332519693482118 0.9889398575147273
vn -0.49064354663653476 0.8594645545982809 0.14349072978106062
vn -0.0381555519203387 0.14332519693482118 -0.9889398575147273
vn 0.49064354663653476 -0.8594645545982809 -0.14349072978106062
vn 0.8705245912675741 0.4906919270915037 0.03752823850981491
vn -0.8705245912675741 -0.4906919270915037 -0.03752823850981491
usemtl m_5aac8369-76b8-fbe7-98dd-8f704ff7e3cb
f 180/532/133 183/531/133 181/530/133 178/529/133
f 179/536/134 180/535/134 178/534/134 177/533/134
f 184/540/135 179/539/135 177/538/135 182/537/135
f 183/544/136 184/543/136 182/542/136 181/541/136
f 182/548/137 177/547/137 178/546/137 181/545/137
f 183/552/138 180/551/138 179/550/138 184/549/138
o cube
v 1.7529095803773962 15.415940993402076 2.491203277049992
v 1.8387595721981587 15.09345930029873 4.716317956458129
v -0.2057707499746455 14.311884157446194 2.406764740402908
v -0.11992075815388348 13.989402464342845 4.631879419811044
v 2.9427075521303614 13.159664052452596 4.393463814450742
v 2.8568575603095994 13.482145745555945 2.168349135042605
v 0.9840272217783201 12.055607216496714 4.3090252778036575
v 0.8981772299575579 12.378088909600061 2.0839105983955215
vt 0 1
vt 0.1328125 1
vt 0.1328125 0.8671875
vt 0 0.8671875
vt 0 0.8671875
vt 0.1328125 0.8671875
vt 0.1328125 0.734375
vt 0 0.734375
vt 0.1328125 1
vt 0.265625 1
vt 0.265625 0.8671875
vt 0.1328125 0.8671875
vt 0.1328125 0.8671875
vt 0.265625 0.8671875
vt 0.265625 0.734375
vt 0.1328125 0.734375
vt 0.1328125 0.6015625
vt 0 0.6015625
vt 0 0.734375
vt 0.1328125 0.734375
vt 0.3984375 1
vt 0.265625 1
vt 0.265625 0.8671875
vt 0.3984375 0.8671875
vn 0.0381555519203387 -0.14332519693482118 0.9889398575147273
vn -0.49064354663653476 0.8594645545982809 0.14349072978106062
vn -0.0381555519203387 0.14332519693482118 -0.9889398575147273
vn 0.49064354663653476 -0.8594645545982809 -0.14349072978106062
vn 0.8705245912675741 0.4906919270915037 0.03752823850981491
vn -0.8705245912675741 -0.4906919270915037 -0.03752823850981491
usemtl m_5aac8369-76b8-fbe7-98dd-8f704ff7e3cb
f 188/556/139 191/555/139 189/554/139 186/553/139
f 187/560/140 188/559/140 186/558/140 185/557/140
f 192/564/141 187/563/141 185/562/141 190/561/141
f 191/568/142 192/567/142 190/566/142 189/565/142
f 190/572/143 185/571/143 186/570/143 189/569/143
f 191/576/144 188/575/144 187/574/144 192/573/144
o cube
v 1.146095242787995 11.562575533850245 1.810733957514688
v 1.2319452346087572 11.240093840746898 4.035848636922824
v -0.8125850875640468 10.458518697894363 1.7262954208676042
v -0.7267350957432848 10.136037004791014 3.9514101002757407
v 2.3358932145409605 9.306298592900765 3.7129944949154376
v 2.2500432227201985 9.628780286004114 1.4878798155073012
v 0.37721288418891885 8.202241756944883 3.628555958268354
v 0.2913628923681566 8.52472345004823 1.4034412788602175
vt 0 1
vt 0.1328125 1
vt 0.1328125 0.8671875
vt 0 0.8671875
vt 0 0.8671875
vt 0.1328125 0.8671875
vt 0.1328125 0.734375
vt 0 0.734375
vt 0.1328125 1
vt 0.265625 1
vt 0.265625 0.8671875
vt 0.1328125 0.8671875
vt 0.1328125 0.8671875
vt 0.265625 0.8671875
vt 0.265625 0.734375
vt 0.1328125 0.734375
vt 0.1328125 0.6015625
vt 0 0.6015625
vt 0 0.734375
vt 0.1328125 0.734375
vt 0.3984375 1
vt 0.265625 1
vt 0.265625 0.8671875
vt 0.3984375 0.8671875
vn 0.0381555519203387 -0.14332519693482118 0.9889398575147273
vn -0.49064354663653476 0.8594645545982809 0.14349072978106062
vn -0.0381555519203387 0.14332519693482118 -0.9889398575147273
vn 0.49064354663653476 -0.8594645545982809 -0.14349072978106062
vn 0.8705245912675741 0.4906919270915037 0.03752823850981491
vn -0.8705245912675741 -0.4906919270915037 -0.03752823850981491
usemtl m_5aac8369-76b8-fbe7-98dd-8f704ff7e3cb
f 196/580/145 199/579/145 197/578/145 194/577/145
f 195/584/146 196/583/146 194/582/146 193/581/146
f 200/588/147 195/587/147 193/586/147 198/585/147
f 199/592/148 200/591/148 198/590/148 197/589/148
f 198/596/149 193/595/149 194/594/149 197/593/149
f 199/600/150 196/599/150 195/598/150 200/597/150
o cube
v -0.7764813300119102 14.611353880062776 -2.6857797084080555
v -2.3308078807072654 14.867695614476181 -1.079274841001359
v -2.4027332254683125 14.425643321746868 -4.2295790350870295
v -3.9570597761636677 14.681985056160274 -2.6230741676803326
v -2.37409467231785 12.640073450883818 -0.7657054707750235
v -0.819768121622495 12.383731716470411 -2.37221033818172
v -4.000346567774253 12.45436289256791 -2.3095047974539975
v -2.4460200170788973 12.198021158154505 -3.916009664860694
